1 0.0 0.0 True
1 0.019 0.0 True
1 0.02 0.0 True
1 0.03 0.0 True
1 0.05 0.0 True
1 0.051 0.0 True
1 0.1234 0.0 True
1 0.25 0.0 True
1 0.499 0.0 True
1 0.5 0.0 True
1 0.501 0.0 True
1 0.505 0.0 True
1 0.65 0.0 True
1 0.75 0.0 True
1 0.9 0.0 True
1 1.0 0.0 True
3 0.0 0.0 True
3 0.019 0.0 True
3 0.02 0.0 True
3 0.03 0.0 True
3 0.05 0.0 True
3 0.051 0.0 True
3 0.1234 0.0 True
3 0.25 0.0 True
3 0.499 0.0 True
3 0.5 0.0 True
3 0.501 0.0 True
3 0.505 0.0 True
3 0.65 0.0 True
3 0.75 0.0 True
3 0.9 0.0 True
3 1.0 0.0 True
4 0.0 1.862645149230957e-09 False
4 0.019 3.725290298461914e-09 False
4 0.02 1.862645149230957e-09 False
4 0.03 3.725290298461914e-09 False
4 0.05 3.725290298461914e-09 False
4 0.051 3.725290298461914e-09 False
4 0.1234 1.4901161193847656e-08 False
4 0.25 2.9802322387695312e-08 False
4 0.499 5.960464477539063e-08 False
4 0.5 5.960464477539063e-08 False
4 0.501 1.1920928955078125e-07 False
4 0.505 5.960464477539063e-08 False
4 0.65 5.960464477539063e-08 False
4 0.75 5.960464477539063e-08 False
4 0.9 5.960464477539063e-08 False
4 1.0 5.960464477539063e-08 False
5 0.0 0.0 True
5 0.019 0.0 True
5 0.02 0.0 True
5 0.03 0.0 True
5 0.05 0.0 True
5 0.051 0.0 True
5 0.1234 0.0 True
5 0.25 0.0 True
5 0.499 0.0 True
5 0.5 0.0 True
5 0.501 0.0 True
5 0.505 0.0 True
5 0.65 0.0 True
5 0.75 0.0 True
5 0.9 0.0 True
5 1.0 0.0 True
all_pass True
